[gd_scene load_steps=5 format=2]

[sub_resource type="SpatialMaterial" id=5]

[sub_resource type="SpatialMaterial" id=4]

[sub_resource type="Environment" id=2]
background_mode = 1

[sub_resource type="SpatialMaterial" id=3]
flags_unshaded = true
albedo_color = Color( 1, 0.341176, 0.0196078, 1 )

[node name="Spatial" type="Spatial"]

[node name="CSGCombiner" type="CSGCombiner" parent="."]
transform = Transform( 0.955911, -0.289195, -0.0509929, 0.280858, 0.951066, -0.128811, 0.085749, 0.10881, 0.990357, -7.367, 0, -15 )

[node name="Rings" type="CSGCylinder" parent="CSGCombiner"]
transform = Transform( 0.872896, 0.487281, 0.0246779, -0.487812, 0.872604, 0.0245356, -0.00957832, -0.0334552, 0.999394, 0, 0, 0 )
radius = 7.5
height = 0.01
sides = 40
material = SubResource( 5 )

[node name="Rings2" type="CSGCylinder" parent="CSGCombiner"]
transform = Transform( 0.872896, 0.487281, 0.0246779, -0.487812, 0.872604, 0.0245356, -0.00957832, -0.0334552, 0.999394, 0, 0, 0 )
operation = 2
radius = 5.31
height = 0.025
sides = 40
material = SubResource( 5 )

[node name="Planet" type="CSGSphere" parent="CSGCombiner"]
radius = 4.0
radial_segments = 20
rings = 40
material = SubResource( 4 )

[node name="Camera" type="Camera" parent="."]
fov = 84.375
far = 1000.0

[node name="WorldEnvironment" type="WorldEnvironment" parent="."]
environment = SubResource( 2 )

[node name="Sun" type="CSGSphere" parent="."]
transform = Transform( 1, 0, 0, 0, 1, 0, 0, 0, 1, 16.8999, 5, -36.8391 )
radial_segments = 24
rings = 10
material = SubResource( 3 )

[node name="OmniLight" type="OmniLight" parent="Sun"]
light_color = Color( 1, 0.341176, 0.0196078, 1 )
light_specular = 0.0
shadow_enabled = true
shadow_bias = 0.7
omni_range = 1000.0
omni_attenuation = 0.1
